wbid,uid,batch
4169685417072345,1626912380,1
4182696823493360,1626912380,1
4187533624057903,1626912380,1
4173693477522171,1626912380,1
4173265264053723,1626912380,1
4167121330446394,1626912380,1
4176933782956157,1626912380,1
4180844719146478,1626912380,1
4185640268764452,1626912380,1
4181664919237135,1626912380,1
4197989159348331,1626912380,1
4183378091785687,1626912380,1
4173602381286280,1626912380,1
4181578735626250,1626912380,1
4167896470612393,1626912380,1
4171185308275471,1626912380,1
4182391138548203,1626912380,1
4182672261419336,1626912380,1
4188219757607215,1626912380,1
4199866236258252,1626912380,1
4190689488583567,1626912380,1
4165047209338655,1626912380,1
4189032324217792,1626912380,1
4165136149352771,1626912380,1
4163284137379536,1626912380,1
4166179666819807,1626912380,1
4161148347583471,1626912380,1
4171897476571435,1626912380,1
4162861972130073,1626912380,1
4179054116062777,1626912380,1
4201236205223487,1626912380,1
4197389973725876,1626912380,1
4183040491932647,1626912380,1
4186638323871556,1626912380,1
4178532542001546,1626912380,1
4178860293716100,1626912380,1
4194733864128514,1626912380,1
4159571859640694,1626912380,1
4168966877921037,1626912380,1
4167083744532755,1626912380,1
4192974696984998,1626912380,1
4201952034778658,1626912380,1
4168899459000163,1626912380,1
4164002839418207,1626912380,1
4161336415532753,1626912380,1
4183503115147345,1626912380,1
4177803072968880,1626912380,1
4172878066307343,1626912380,1
4179196256962851,1626912380,1
4171954192364934,1626912380,1
4162356991449615,1626912380,1
4174897611350660,1626912380,1
4160985234718240,1626912380,1
4161737332553655,1626912380,1
4168546319295222,1626912380,1
4192663630726390,1626912380,1
4195768522987885,1626912380,1
4158363237377126,1626912380,1
4191720637860637,1626912380,1
4186368156021623,1626912380,1
4188451957983281,1626912380,1
4185334999220589,1626912380,1
4159328170119528,1626912380,1
4159938303244300,1626912380,1
4176877264826321,1626912380,1
4196646999011179,1626912380,1
4187028419290243,1626912380,1
4177602044066856,1626912380,1
4163244367414347,1626912380,1
4191357453278672,1626912380,1
4174750559397386,1626912380,1
4168553218807453,1626912380,1
4186691105353271,1626912380,1
4171445699502379,1626912380,1
4188849258645977,1626912380,1
4162014642960692,1626912380,1
4185781158945247,1626912380,1
4203043475700243,1626912380,1
4159178795186077,1626912380,1
4178330900746381,1626912380,1
4185059290753129,1626912380,1
4194822954639659,1626912380,1
4197218376051400,1626912380,1
4178349091481684,1626912380,1
4159222272574878,1626912380,1
4198382450957414,1626912380,1
4163896519022704,1626912380,1
4176533536824061,1626912380,1
4174857086187310,1878650541,1
4158061813565908,1878650541,1
4164452897179126,1878650541,1
4180548747983909,1878650541,1
4163446972550050,1878650541,1
4176483083162887,1878650541,1
4173409204347332,1878650541,1
4194390463962151,1878650541,1
4198255208660438,1878650541,1
4163818647645327,1878650541,1
4179207078787573,1878650541,1
4159633516378591,1878650541,1
4177027550655668,1878650541,1
4159134519169969,1878650541,1
4177564417435379,1878650541,1
4187638610895631,1878650541,1
4175774283580958,1878650541,1
4169169572552835,1878650541,1
4183925444200666,1878650541,1
4194789501570417,1878650541,1
4158022966309377,1878650541,1
4201733716367885,1878650541,1
4181377069002688,1878650541,1
4195511034235143,1878650541,1
4186597341210979,1878650541,1
4173657108154191,1878650541,1
4183417488973296,1878650541,1
4173309065043270,1878650541,1
4192603618066758,1878650541,1
4175960565567544,1878650541,1
4168711114583539,1878650541,1
4192109554779163,1878650541,1
4163420750741702,1878650541,1
4187775185702706,1878650541,1
4195029474562058,1878650541,1
4158549041044083,1878650541,1
4171333254434219,1878650541,1
4167108290307828,1878650541,1
4200770184318721,1878650541,1
4177269125599859,1878650541,1
4158562844987182,1878650541,1
4164705004138080,1878650541,1
4175051639540133,1878650541,1
4187786208680693,1878650541,1
4181217790917470,1878650541,1
4197555535528067,1878650541,1
4175052792602060,1878650541,1
4164484530361216,1878650541,1
4189220476192438,1878650541,1
4168805636709805,1878650541,1
4161782643783232,1878650541,1
4197500971204308,1878650541,1
4198610667328125,1878650541,1
4159838126736721,1878650541,1
4198769077865562,1878650541,1
4197556861236399,1878650541,1
4176542214923384,1878650541,1
4192957593252809,1878650541,1
4159479883367434,1878650541,1
4176071798959689,1878650541,1
4183948516488370,1878650541,1
4185481833326718,1878650541,1
4200406571189609,1878650541,1
4194276428781143,1878650541,1
4174726736309188,1878650541,1
4187393554300784,1878650541,1
4159275347728256,1878650541,1
4166492540884557,1878650541,1
4195514763098436,1878650541,1
4183893894716386,1878650541,1
4158498499751835,1878650541,1
4166369941084976,1878650541,1
4173295912212704,1878650541,1
4162507385757494,1878650541,1
4159871336980087,1878650541,1
4180148670205096,1878650541,1
4202944095933206,1878650541,1
4194080295132581,1878650541,1
4187792533605607,1878650541,1
4183309765908745,1878650541,1
4169084486606495,1878650541,1
4158707699387307,1878650541,1
4190679960136392,1878650541,1
4184108403813872,1878650541,1
4187778198150839,1878650541,1
4179789125954973,1878650541,1
4159618428513577,1878650541,1
4199846330443794,1878650541,1
4165969565562416,1878650541,1
4191024291617252,1878650541,1
4192833189035335,1878650541,1
4163985026087551,1878650541,1
4188280800974509,1878650541,1
4171964773464796,1878650541,1
4167101898237900,1878650541,1
4165294031587680,1878650541,1
4200839515524651,1878650541,1
4198185058776849,1878650541,1
4186317712233126,1878650541,1
4174663167310513,1878650541,1
4166184976501037,1878650541,1
4179408513945998,1878650541,1
4189345819055057,1878650541,1
4168899178547325,1878650541,1
4164206678614241,1878650541,1
4169165302583392,1878650541,1
4176326380472515,1878650541,1
4184626651526788,1878650541,1
4173414946577640,1878650541,1
4166357820209255,1878650541,1
4190672842626458,1878650541,1
4162244311052095,1878650541,1
4161250524759618,1878650541,1
4188792006766006,1878650541,1
4175391340509631,1878650541,1
4187772564745052,1878650541,1
4172713817906537,1878650541,1
4203290469873648,1878650541,1
4190068840632101,1878650541,1
4169267760473518,1878650541,1
4171240224382271,1878650541,1
4183689955427035,1878650541,1
4199557665330929,1878650541,1
4162674759362502,1878650541,1
4161638116495360,1878650541,1
4201710945123182,1878650541,1
4166236969198285,1878650541,1
4184413014837125,1878650541,1
4163795029269409,1878650541,1
4191895972184676,1878650541,1
4173264026747996,1878650541,1
4173614330181090,1878650541,1
4181509801730227,1878650541,1
4198801306734003,1878650541,1
4184467318886921,1878650541,1
4163086221081391,1878650541,1
4162293467987130,1878650541,1
4163661570581949,1878650541,1
4201836619061735,1878650541,1
4164460891209533,1878650541,1
4192273295923118,1878650541,1
4166728928255747,1878650541,1
4161419580717257,1878650541,1
4167433520200455,1878650541,1
4168772543491931,1878650541,1
4163787453724289,1878650541,1
4158746281947355,1878650541,1
4192126427948247,1878650541,1
4173652930868561,1878650541,1
4159261606881289,1878650541,1
4186627103936887,1878650541,1
4159616189203359,1878650541,1
4173760904696206,1878650541,1
4187508952891350,1878650541,1
4160930466513772,1878650541,1
4158167702583076,1878650541,1
4162387852560840,1878650541,1
4192668823490251,1878650541,1
4187766759746700,1878650541,1
4197346167786903,1878650541,1
4159409934175043,1878650541,1
4200089805872775,1878650541,1
4176891810466071,1878650541,1
4188666194252660,1878650541,1
4181411722348253,1878650541,1
4168699088775999,1878650541,1
4171074499820109,1878650541,1
4169595767531512,1878650541,1
4163579244451464,1878650541,1
4159119433221742,1878650541,1
4161989284556935,1878650541,1
4166691079033343,1878650541,1
4162013284175631,1878650541,1
4172553570386382,1878650541,1
4173998218113256,1878650541,1
4177630783475831,1878650541,1
4202406894332503,1878650541,1
4195699056921116,1878650541,1
4186471365391917,1878650541,1
4162641603885965,1878650541,1
4197708291920468,1878650541,1
4186277325017481,1878650541,1
4199563998524043,1878650541,1
4197444591707069,1878650541,1
4176353627202725,1878650541,1
4176150853121304,1878650541,1
4199285447332825,1878650541,1
4184030671195961,1878650541,1
4201200117092263,1878650541,1
4162797589490137,1878650541,1
4197113191303389,1878650541,1
4164182008246649,1878650541,1
4180489755352128,1878650541,1
4201127283128453,1878650541,1
4159987288334417,1878650541,1
4191169174379048,1878650541,1
4199171819150276,1878650541,1
4201881671195856,1878650541,1
4202049967053406,1878650541,1
4200586783926177,1878650541,1
4189901760853605,1878650541,1
4175801140394563,1878650541,1
4187892412837811,1878650541,1
4180814633397029,1878650541,1
4201908917042237,1878650541,1
4199644374926534,1878650541,1
4160075117019108,1878650541,1
4162207082531553,1878650541,1
4166729393418704,1878650541,1
4201639696483548,1878650541,1
4172048097753583,1878650541,1
4175398659409214,1878650541,1
4200977714610210,1878650541,1
4201655245850865,1878650541,1
4181159573766585,1878650541,1
4168862888415395,1878650541,1
4202620471991407,1878650541,1
4166126155772186,1878650541,1
4194405068568377,1878650541,1
4189196765245975,1878650541,1
4185952521364513,1878650541,1
4184309906075911,1878650541,1
4164901377062316,1878650541,1
4202507855112594,1878650541,1
4172019828687655,1878650541,1
4187425032795954,1878650541,1
4181381179101989,1878650541,1
4173290848966917,1878650541,1
4188519599533724,1878650541,1
4164537185892648,1878650541,1
4162164749546260,1878650541,1
4185349292708151,1878650541,1
4199313683474075,1878650541,1
4161308586939425,1878650541,1
4179726828441490,1878650541,1
4166982192188578,1878650541,1
4166467500444907,3173872645,1
4177026011079896,3173872645,1
4160587577300623,3173872645,1
4177930798583883,3173872645,1
4172860874099842,3173872645,1
4166070031590956,3173872645,1
4168598983121947,3173872645,1
4196942835122776,3173872645,1
4196864888906718,3173872645,1
4159204778049871,3173872645,1
4175910913291740,3173872645,1
4198221393383809,3173872645,1
4162486729273771,3173872645,1
4172885000389126,3173872645,1
4185277054785846,3173872645,1
4190740102148907,3173872645,1
4174646925996728,3173872645,1
4185302354702431,3173872645,1
4172934727097987,3173872645,1
4180184741256194,3173872645,1
4165015063383312,3173872645,1
4176107424967096,3173872645,1
4199816374021375,3173872645,1
4180204571800659,3173872645,1
4190620505224478,3173872645,1
4197206481921238,3173872645,1
4162638999484155,3173872645,1
4191264025301729,3173872645,1
4187085474703780,3173872645,1
4162025372358750,3173872645,1
4190604478405347,3173872645,1
4202991512400056,3173872645,1
4162479472502101,3173872645,1
4189691693507757,3173872645,1
4186730368023709,3173872645,1
4159641825565861,3173872645,1
4185558491793693,3173872645,1
4189529151739686,3173872645,1
4169629633476345,3173872645,1
4194593928771014,3173872645,1
4160929127573450,3173872645,1
4186606699352954,3173872645,1
4198910156736470,3173872645,1
4202294252323004,3173872645,1
4160268101379304,3173872645,1
4173932519126197,3173872645,1
4172882290961530,3173872645,1
4193285063101801,3173872645,1
4200527900400269,3173872645,1
4159971631403568,3173872645,1
4185319710568456,3173872645,1
4189972053345403,3173872645,1
4172659975656462,3173872645,1
4168286012735396,3173872645,1
4199058077664111,3173872645,1
4174658263450089,3173872645,1
4175455923920141,3173872645,1
4189645938479204,3173872645,1
4180901216446910,3173872645,1
4162492844829136,3173872645,1
4185498765365293,3173872645,1
4168176835321782,3173872645,1
4183711584661208,3173872645,1
4173411922093936,3173872645,1
4162481914020304,3173872645,1
4191102972057566,3173872645,1
4200057785864193,3173872645,1
4177254990629313,5175655487,1
4192574187104288,5175655487,1
4200932453406223,5175655487,1
4183939520020882,5175655487,1
4159617217579687,5175655487,1
4167554714607220,5175655487,1
4185667010864708,5175655487,1
4195524703610725,5175655487,1
4178499511760437,5175655487,1
4187459497722695,5175655487,1
4184553167707682,5175655487,1
4200929882477940,5175655487,1
4190842543458343,5175655487,1
4201611737194625,5175655487,1
4197008040580040,5175655487,1
4186364646054635,5175655487,1
4167488176126870,5175655487,1
4197641124740865,5175655487,1
4199468142169778,5175655487,1
4178494726290755,5175655487,1
4176329492019217,5175655487,1
4195174160655247,5175655487,1
4190848809961003,5175655487,1
4192582123377278,5175655487,1
4190842065884475,5175655487,1
4196843170130079,5175655487,1
4167831354771285,5175655487,1
4183824973674049,5175655487,1
4172736857185929,5175655487,1
4158008081247326,5175655487,1
4178124800917237,5175655487,1
4188105558715271,5175655487,1
4169902761671506,5175655487,1
4170070286982521,5175655487,1
4187192408095475,5175655487,1
4175066730355805,5175655487,1
4170044160393143,5175655487,1
4173604151130754,5175655487,1
4176936655646292,5175655487,1
4196993175208340,5175655487,1
4184614950191080,5175655487,1
4201332702906904,5175655487,1
4187212100271476,5175655487,1
4181607055833170,5175655487,1
4164611480068811,5175655487,1
4188638030151379,5175655487,1
4168931269356418,5175655487,1
4159124939725500,5175655487,1
4189087734325745,5175655487,1
4158568611337563,5175655487,1
4195049375648141,5175655487,1
4190405039699599,5175655487,1
4190841369348818,5175655487,1
4172229829442558,5175655487,1
4195017784487537,5175655487,1
4174631847563910,5175655487,1
4187799316593980,5175655487,1
4170517021835205,5175655487,1
4178738960705163,5175655487,1
4196902004452102,5175655487,1
4181308877755569,5175655487,1
4188638516550210,5175655487,1
4199746400546157,5175655487,1
4188321804928567,5175655487,1
4158183217907067,5175655487,1
4169897342757127,5175655487,1
4158904802091556,5175655487,1
4195541422283989,5175655487,1
4195521789083325,5175655487,1
4200543671272107,5175655487,1
4197251029322609,5175655487,1
4168932837985608,5175655487,1
4170715299588809,5175655487,1
4202307274740406,5175655487,1
4192896837492927,5175655487,1
4167677348143165,5175655487,1
4159609670970897,5175655487,1
4176209455223836,5175655487,1
4180306694591493,5175655487,1
4195125779056204,5175655487,1
4196503859787277,5175655487,1
4187818538628225,5175655487,1
4193647027275060,5175655487,1
4169973679632308,5175655487,1
4166717892526604,5175655487,1
4188318739163000,5175655487,1
4190843684165256,5175655487,1
4177679215317185,5175655487,1
4176978002760925,5175655487,1
4171863867529432,5175655487,1
4181787460679065,5175655487,1
4196658046765172,5175655487,1
4196527205826176,5175655487,1
4175810254202970,5175655487,1
4186968482784072,5175655487,1
4176944671683531,5175655487,1
4184141203422402,5175655487,1
4186688806720636,5175655487,1
4176938375646531,5175655487,1
4203052666063157,5175655487,1
4166885245186263,5175655487,1
4169895141147236,5175655487,1
4191274670266664,5175655487,1
4201702414475371,5175655487,1
4177656188979321,5175655487,1
4188196088505494,5175655487,1
4172761263435262,5175655487,1
4167345414418566,5175655487,1
4203045279428605,5175655487,1
4172567789065087,5175655487,1
4199061563860167,5175655487,1
4186843048006449,5175655487,1
4172182818683494,5175655487,1
4172765051855352,5175655487,1
4195104120442775,5175655487,1
4180205855798081,5175655487,1
4178724524250997,5175655487,1
4196985294289257,5175655487,1
4187463759317845,5175655487,1
4172625527662942,5175655487,1
4199817300849459,5175655487,1
4160190989289836,5175655487,1
4172721355717686,5175655487,1
4170116789266940,5175655487,1
4159103897179065,5175655487,1
4199818706674400,5175655487,1
4179116892552201,5175655487,1
4172753588967623,5175655487,1
4167809523205020,5175655487,1
4197231693215889,5175655487,1
4188319967002749,5175655487,1
4168931944668503,5175655487,1
4160988880443723,5175655487,1
4182700866437367,5175655487,1
4190398810964788,5175655487,1
4201333915584105,5175655487,1
4172586457769828,5175655487,1
4189262947256383,5175655487,1
4172188955290154,5175655487,1
4171465156665956,5175655487,1
4186989853620407,5175655487,1
4199423221520225,5175655487,1
4194474677107922,5175655487,1
4180310532654916,5175655487,1
4200465766381155,5175655487,1
4196631195119153,5175655487,1
4191169665789512,5175655487,1
4159491228560594,5175655487,1
4187221877680705,5175655487,1
4175812950981614,5175655487,1
4187208732343264,5175655487,1
4167834890525848,5175655487,1
4202129751161624,5175655487,1
4188317103254123,5175655487,1
4199420620423233,5175655487,1
4179074869423895,5175655487,1
4182757066624075,5175655487,1
4187216315871710,5175655487,1
4183832854757188,5175655487,1
4186965823233518,5175655487,1
4195514763349096,5175655487,1
4181279920914792,5175655487,1
4170157024652740,5175655487,1
4202152681213908,5175655487,1
4160617839909935,5175655487,1
4188402691564928,5175655487,1
4179475585399071,5175655487,1
4159157399553483,5175655487,1
4184574974293534,5175655487,1
4160195334448505,5175655487,1
4195554706005819,5175655487,1
4183845534379367,5175655487,1
4191587120747726,5175655487,1
4168929724984590,5175655487,1
4189003010021858,5175655487,1
4171309396774016,5175655487,1
4173077002380560,5175655487,1
4165359256649647,5175655487,1
4178708376253375,5175655487,1
4188111657112102,5175655487,1
4168003266655097,5175655487,1
4186363550672968,5175655487,1
4159181923371433,5175655487,1
4183989658869332,5175655487,1
4185417207344348,5175655487,1
4191401865992172,5175655487,1
4167161931158429,5175655487,1
4197210897803163,5175655487,1
4202118296927474,5175655487,1
4184141853265754,5175655487,1
4169310916542759,5175655487,1
4188320646683179,5175655487,1
4177256479774074,5175655487,1
4185751296511744,5175655487,1
4202151560872178,5175655487,1
4187925941874667,5175655487,1
4195165374239092,5175655487,1
4185947023568814,5175655487,1
4189042167527312,5175655487,1
4197681674941553,5175655487,1
4188110511694192,5175655487,1
4202170733332474,5175655487,1
4188111388995270,5175655487,1
4200928141698644,5175655487,1
4176322961593890,5175655487,1
4201582180783925,5175655487,1
4185365630317561,5175655487,1
4192603467415928,5175655487,1
4182016927409883,5175655487,1
4169088852716080,5175655487,1
4184140192213576,5175655487,1
4176257187081709,5175655487,1
4184270190839767,5175655487,1
4190681499657345,5175655487,1
4188318067721653,5175655487,1
4202386103005605,5175655487,1
4186472221676429,5175655487,1
4192360500458213,5175655487,1
4192491592538982,5175655487,1
4178755255602762,5175655487,1
4160989362348005,5175655487,1
4174799288922768,5175655487,1
4189210544458157,5175655487,1
4177430698717866,5175655487,1
4188368605025009,5175655487,1
4181742325425444,5175655487,1
4184216629240464,5175655487,1
4188160562416280,5175655487,1
4180211430350774,5175655487,1
4195883098763048,5175655487,1
4168930253887684,5175655487,1
4188316171268102,5175655487,1
4182679241168534,5175655487,1
4203034420784922,5175655487,1
4191775214369060,5175655487,1
4167632099812729,5175655487,1
4202137108076349,5175655487,1
4192122657192805,5175655487,1
4188319404923119,5175655487,1
4192298332421391,5175655487,1
4168929414763577,5175655487,1
4175638367405209,5175655487,1
4172579809367408,5175655487,1
4188636415377177,5175655487,1
4170028171399131,5175655487,1
4190400455609113,5175655487,1
4192343411882662,5175655487,1
4191191949686517,5175655487,1
4203029517054729,5175655487,1
4189266776531606,5175655487,1
4164373398458490,5175655487,1
4196277019506645,5175655487,1
4200815520175325,5175655487,1
4201049566412930,5175655487,1
4178153670366618,5175655487,1
4178770699178541,5175655487,1
4178748109143346,5175655487,1
4171946771993583,5175655487,1
4176923972563717,5175655487,1
4188321996928562,5175655487,1
4179813155131542,5175655487,1
4190842312611190,5175655487,1
4176271325419924,5175655487,1
4178771160011415,5175655487,1
4178489017718570,5175655487,1
4168007691158790,5175655487,1
4188102354183704,5175655487,1
4201624153017741,5175655487,1
4196623162966141,5175655487,1
4190463839421686,5175655487,1
4188322093404776,5175655487,1
4184669890714246,5175655487,1
4189063163977781,5175655487,1
4186755214883265,5175655487,1
4172691398883687,5175655487,1
4179121451432994,5175655487,1
4189202188500806,5175655487,1
4172730981122834,5175655487,1
4198817395766550,5175655487,1
4183811702956313,5175655487,1
4203137722681808,5175655487,1
4171586057424290,5175655487,1
4176209103966248,5175655487,1
4187373011108243,5175655487,1
4195569151139137,5175655487,1
4170752997304254,5175655487,1
4165601285308437,5175655487,1
4172753537450822,5175655487,1
4190841662109451,5175655487,1
4183927239824354,5175655487,1
4182079996209214,5175655487,1
4161541634487983,5175655487,1
4200821933846263,5175655487,1
4164640495695145,5175655487,1
4167609701979296,5175655487,1
4199762381142591,5175655487,1
4191597149156810,5175655487,1
4168902851698784,5175655487,1
4195886760126504,5175655487,1
4193996466565575,5175655487,1
